AQUA                    
1 27424U 02022A   23268.87735185  .00002106  00000+0  46494-3 0  9998
2 27424  98.2937 212.9905 0000987 105.6011 348.1783 14.58350982137993
FENGYUN 3A              
1 32958U 08026A   23268.83936168  .00000297  00000+0  16263-3 0  9996
2 32958  98.5652 219.1881 0009685 114.8147 245.4037 14.18921587794335
FENGYUN 3B              
1 37214U 10059A   23268.94888986  .00000193  00000+0  12444-3 0  9993
2 37214  99.0820 288.0130 0023119 120.6575 353.3455 14.14379288666712
HAIYANG-1C              
1 43609U 18068A   23268.93517034  .00000306  00000+0  12440-3 0  9990
2 43609  98.4070 336.3681 0011205 166.3651 193.7839 14.34210176264437
HAIYANG-2B
1 43655U 18081A   23268.93047542  .00000030  00000+0  72496-4 0  9990
2 43655  99.3423 276.2049 0001687  58.1758 301.9557 13.79301518247721
NOAA 20                 
1 43013U 17073A   23268.91529098  .00000185  00000+0  10818-3 0  9997
2 43013  98.7172 205.7938 0001129 107.6998 252.4302 14.1956760130326
LANDSAT 8               
1 39084U 13008A   23268.93523332  .00000784  00000+0  18420-3 0  9993
2 39084  98.2175 337.5872 0001251  93.6894 266.4448 14.57102627552967
SUOMI NPP               
1 37849U 11061A   23268.89421316  .00000199  00000+0  11490-3 0  9991
2 37849  98.7093 205.9183 0001076  60.0787  11.6516 14.19570703617235