XW-2A
1 40903U 15049E   23112.43632650  .18814400  25108-5  15498-3 0  9990
2 40903  97.0819 181.5568 0011783 175.5276 309.8044 16.51931608427640
CHANG_E-4
1 43845U 18103A   18341.76644677 +.00002075 -65600-5 +00000-0 0  9998
2 43845 028.8798 349.8100 0010000 102.8623 000.0000 16.01555694000008
CHUANG XIN 1
1 28058U 03049B   23268.61998587  .00000471  00000-0  14074-3 0  9994
2 28058  98.6283 138.6957 0012131 322.3869  37.6474 14.47444788 52190
FENGNIAO 1
1 38998U 12064B   23269.10870655  .00088154  00000-0  56225-3 0  9993
2 38998  97.0803 308.2162 0000913  16.1181 344.0114 15.76136452610058
GAOFEN 8
1 40701U 15030A   23268.92117706  .00019136  00000-0  80541-3 0  9996
2 40701  97.6229  53.8351 0006069 187.3051 172.8098 15.23405166459253
HJ-1C
1 38997U 12064A   23060.93787308  .71218149  28020-5  37229-3 0  9991
2 38997  97.0130  93.5937 0007809 242.3564 204.7230 16.55576688578762
PUJIANG 1
1 40925U 15051A   23268.95312464  .00059408  00000-0  66913-3 0  9991
2 40925  97.1227 271.0059 0007201 181.9893 178.1338 15.62341749448440
TIANGONG-2
1 41765U 16057A   19200.28161137  .00235737  81559-5  15236-3 0  9993
2 41765  42.7846 135.0246 0143359 272.5645 218.4707 15.97835923162069
TIANTUO 2
1 40144U 14053B   23268.90399965  .00021300  00000-0  41008-3 0  9999
2 40144  97.1531 346.1062 0007107 313.8641  46.2022 15.47881159506819
TK-1
1 42061U 17012A   23187.58073746  .12626825  24105-5  25628-3 0  9990
2 42061  97.0952 206.3665 0012616 247.1172 112.8800 16.46139019361432
XJS A
1 43518U 18054A   23268.65452940  .00040587  00000-0  13469-2 0  9994
2 43518  35.0488 346.3688 0009423 142.6675 217.4699 15.30185948293914
XJS B
1 43519U 18054B   23268.59657492  .00053020  00000-0  15235-2 0  9996
2 43519  35.0396 332.1337 0007996  22.8582 337.2492 15.34712345294055
YAOGAN 26
1 40362U 14088A   23269.10524506  .00017822  00000-0  74042-3 0  9991
2 40362  97.0865 299.9994 0007671 298.4869  61.5596 15.23839885486934