CBERS 2
1 28057U 03049A   23268.88012347  .00000297  00000-0  11793-3 0  9994
2 28057  98.6125 216.6244 0000754 128.0914 232.0340 14.35898766 44303
ENVISAT
1 27386U 02009A   23268.94247980  .00000296  00000-0  11063-3 0  9992
2 27386  98.2430 234.8639 0001180  87.0456 340.4283 14.38411613130379
GF1
1 39150U 13018A   23268.87947589  .00001475  00000-0  21882-3 0  9990
2 39150  98.0214 338.6081 0019609 224.0163 135.9486 14.76464088561372
HJ-1A
1 33320U 08041A   23268.86944108  .00001507  00000-0  21143-3 0  9992
2 33320  97.6427 284.1625 0021403 152.9362 207.2971 14.78672228811032
HJ-1B
1 33321U 08041B   23268.95911084  .00001654  00000-0  22639-3 0  9994
2 33321  97.6431 288.6684 0038449 200.0624 159.9079 14.79274816811063
IRS-P6
1 28051U 03046A   23268.84612462  .00000479  00000-0  18137-3 0  9996
2 28051  98.3496 330.5753 0059729  72.6745 352.7067 14.34434491 37700
Landsat 5
1 14780U 84021A   23268.71771912  .00004397  00000-0  37605-3 0  9998
2 14780  98.1550 130.9407 0083674 194.2101 165.6764 14.95483890642121
Landsat 7
1 25682U 99020A   23268.95044075  .00000811  00000-0  17727-3 0  9995
2 25682  97.9213 302.9006 0001751  92.8495  25.3451 14.60240169300429
Landsat 8
1 39084U 13008A   23268.93523332  .00000784  00000-0  18420-3 0  9994
2 39084  98.2175 337.5872 0001251  93.6894 266.4448 14.57102627552967
SPOT 4
1 25260U 98017A   23268.85099439  .00000842  00000-0  20871-3 0  9993
2 25260  98.2631   0.5788 0013938  61.3604 298.8993 14.54320953334541
THEOS
1 33396U 08049A   23268.88287786  .00000132  00000-0  82298-4 0  9999
2 33396  98.6946 334.9504 0001154  86.9040 273.2269 14.20041919776703
ZY 1-02C
1 38038U 11079A   23268.92873542  .00000833  00000+0  29950-3 0  9992
2 38038  98.5336 335.3022 0007349  45.6314  59.1893 14.36354514616231
ZY 3
1 38046U 12001A   23268.90217621  .00014821  00000-0  59778-3 0  9999
2 38046  97.2871 332.4472 0002949 350.3371   9.7809 15.24903332650374