LANDSAT 5
1 14780U 84021A   23268.71771912  .00004397  00000-0  37605-3 0  9998
2 14780  98.1550 130.9407 0083674 194.2101 165.6764 14.95483890642121
ERS 2
1 23560U 95021A   23268.91001189  .00070270  00000-0  11669-2 0  9994
2 23560  98.5278 250.6168 0004462  80.8618 279.3136 15.51850740524718
RADARSAT
1 23710U 95059A   23268.90288171  .00000489  00000-0  20148-3 0  9997
2 23710  98.5583 276.1473 0001420  89.3528 270.7818 14.31260647455916
SPOT 4
1 25260U 98017A   23268.85099439  .00000842  00000-0  20871-3 0  9993
2 25260  98.2631   0.5788 0013938  61.3604 298.8993 14.54320953334541
IKONOS 2
1 25919U 99051A   23268.78603537  .00003616  00000-0  37796-3 0  9991
2 25919  98.2459  98.4539 0006132 234.4429 125.6216 14.90333345290282
LANDSAT 7
1 25682U 99020A   23268.95044075  .00000811  00000-0  17727-3 0  9995
2 25682  97.9213 302.9006 0001751  92.8495  25.3451 14.60240169300429
TERRA
1 25994U 99068A   23269.12480604  .00000923  00000-0  20468-3 0  9995
2 25994  98.0852 334.9731 0003157 104.9413 312.0735 14.59330635264508
QUICKBIRD 2
1 26953U 01047A   15026.84569883  .14365891  23440-5  26337-3 0  9991
2 26953 097.0516 103.6575 0007488 276.6967 083.3501 16.47286813746858
SPOT 5
1 27421U 02021A   23268.80033829  .00001140  00000-0  25687-3 0  9992
2 27421  98.1295 328.8199 0134689 122.8515 238.5731 14.52782337118211
AQUA
1 27424U 02022A   23269.14465576  .00002044  00000-0  45150-3 0  9993
2 27424  98.2938 213.2573 0001003 105.3111 311.0017 14.58351890138075
HAIYANG 1B
1 31113U 07010A   23268.93882525  .00000215  00000-0  98415-4 0  9999
2 31113  98.2978 278.1402 0012462 273.4743  86.5015 14.30471714858315
CBERS 2B
1 32062U 07042A   23268.88139414  .00000568  00000-0  19138-3 0  9999
2 32062  98.2619 222.9526 0032838  93.3719 279.0208 14.40237216841410
RADARSAT 2
1 32382U 07061A   23268.91239620  .00000148  00000-0  74202-4 0  9997
2 32382  98.5803 274.1117 0001186  90.7178 269.4140 14.29981526823718
HJ-1B
1 33321U 08041B   23268.95911084  .00001654  00000-0  22639-3 0  9994
2 33321  97.6431 288.6684 0038449 200.0624 159.9079 14.79274816811063
SKYMED 4
1 37216U 10060A   23268.93357376  .00001102  00000-0  14504-3 0  9991
2 37216  97.8885  90.9562 0001508  87.6567 272.4819 14.82147812697148
HAIYANG 2A	
1 37781U 11043A   23268.89002123  .00000034  00000-0  76622-4 0  9995
2 37781  99.3245 271.7831 0001558  76.3919 283.7406 13.78751220609521
ZY 3
1 38046U 12001A   23269.09903609  .00014733  00000-0  59415-3 0  9998
2 38046  97.2871 332.6387 0002930 349.5859  10.5318 15.24909667650464
SPOT 6
1 38755U 12047A   23269.13260103  .00000751  00000-0  17134-3 0  9992
2 38755  98.1799 334.9717 0001233  81.7861 278.3478 14.58543788588033